6.628757255941629678e-01
6.528824973389506514e-01
6.434214416608214915e-01
6.346208062447608045e-01
6.264330362707376532e-01
6.187837704509496772e-01
6.117882376044988524e-01
6.054379808098078186e-01
5.996957035064697239e-01
5.946012044638395722e-01
5.901083256453275583e-01
5.861727674290537760e-01
5.827757173597812868e-01
5.799915317356586497e-01
5.777801236957311737e-01
5.760656129591167351e-01
5.747998372547328261e-01
5.740804204054177351e-01
5.738678164169191964e-01
5.740817058898508574e-01
5.747644598320126308e-01
5.758814542125910707e-01
5.774623574003576731e-01
5.794517074145376645e-01
5.818735471993684572e-01
5.847551199793815657e-01
5.881265076112002221e-01
5.919192168291658174e-01
5.961209884958341698e-01
6.008411402560770442e-01
6.060861339196562669e-01
6.118111854407936034e-01
6.181255495153367141e-01
6.249552730299532399e-01
6.323229271680116392e-01
6.403430604856461539e-01
6.491276146396994795e-01
6.585952082328497825e-01
6.687018375679850690e-01
6.794703026253730016e-01
6.909395954452455246e-01
